[[ 0.93095647  0.16290355  0.21958879  0.80793426  0.97525583  0.49651776
   0.24575235  0.19605605  0.96104129  0.29495226  0.13268451  0.88486923
   0.87814862  0.97848377  0.90879321  0.1140551   0.76705335  0.39582094
   0.04951302  0.73920326]
 [ 0.77251312  0.63362557  0.74302533  0.49542037  0.42608112  0.3439563
   0.02347263  0.47427513  0.80162483  0.69028746  0.20735816  0.91751976
   0.27532494  0.94968421  0.87723897  0.69169602  0.32643205  0.11068185
   0.28256619  0.94911362]
 [ 0.21360966  0.78070046  0.71785746  0.08374722  0.11500118  0.47333951
   0.92364701  0.68452425  0.34526185  0.60991215  0.81374209  0.38128712
   0.76128098  0.73089373  0.26617584  0.17771243  0.95499467  0.22672002
   0.90441622  0.90553357]
 [ 0.6351057   0.64401956  0.06309543  0.17417849  0.02505316  0.24426703
   0.19830723  0.28718704  0.49280947  0.76739826  0.53903023  0.507189
   0.68323706  0.34086623  0.03726709  0.91527478  0.24254849  0.60221826
   0.29210548  0.69545938]
 [ 0.375958    0.40182926  0.75631212  0.97127979  0.73020535  0.09982703
   0.59131009  0.02056287  0.25607613  0.76301414  0.72986811  0.96540205
   0.40345241  0.88771899  0.5976292   0.72639257  0.25672505  0.31619817
   0.68034356  0.8731784 ]
 [ 0.39132481  0.1549755   0.41890817  0.2952969   0.26644518  0.61416208
   0.43745532  0.99314533  0.52968799  0.44905053  0.45770915  0.85268849
   0.38879404  0.87191819  0.40007514  0.80119899  0.58167795  0.89877753
   0.50945506  0.96657334]
 [ 0.87991217  0.66085171  0.89836742  0.80528806  0.51736046  0.15488615
   0.32981507  0.76602302  0.74510745  0.79273158  0.20207552  0.52783394
   0.46788153  0.60189562  0.16359883  0.3413903   0.66866905  0.50343854
   0.54952258  0.03925464]
 [ 0.57135367  0.45161771  0.13501903  0.60067077  0.39683285  0.11418422
   0.45010781  0.15100231  0.13779787  0.63666135  0.74739647  0.20608774
   0.58811291  0.98385285  0.47598989  0.65000961  0.86366528  0.24989723
   0.37166961  0.84182194]
 [ 0.59721133  0.15374657  0.35114749  0.71521267  0.9638182   0.29667028
   0.44286792  0.38262912  0.23766375  0.54247497  0.7874282   0.01393392
   0.96085752  0.29240659  0.44728927  0.6839615   0.68530563  0.21634149
   0.93738005  0.8799568 ]
 [ 0.79845372  0.0889756   0.31151145  0.12633522  0.72722265  0.25943702
   0.5228837   0.48491648  0.70938413  0.31207723  0.74540935  0.50219724
   0.0349826   0.36087976  0.5547975   0.08564739  0.98841148  0.30379322
   0.85235828  0.29576459]
 [ 0.7852297   0.18471549  0.6629932   0.29278035  0.2557886   0.54996514
   0.11813925  0.31935516  0.54723587  0.63939426  0.78385664  0.61521413
   0.6414353   0.80205085  0.31980932  0.92110802  0.13496581  0.29703992
   0.91668258  0.79647144]
 [ 0.35046032  0.82249039  0.16108535  0.24913391  0.20215273  0.53590379
   0.0742829   0.28513643  0.72051743  0.60017797  0.15002809  0.91372257
   0.85335263  0.70208363  0.21762871  0.62777897  0.85609391  0.21880412
   0.01414191  0.21052213]
 [ 0.94484551  0.27980852  0.13410332  0.91805116  0.10175966  0.6833317
   0.25640379  0.41220007  0.19068372  0.4783852   0.94997717  0.98282052
   0.09717061  0.59854824  0.47789699  0.98477598  0.16340077  0.28905606
   0.50004458  0.61947151]
 [ 0.08859665  0.15919162  0.60717361  0.64622188  0.9809018   0.4551653
   0.94518342  0.41568792  0.25746745  0.3141201   0.88746511  0.68847645
   0.72466083  0.59686661  0.1708843   0.46973061  0.55391536  0.39117498
   0.98509641  0.16907503]
 [ 0.65229897  0.0976905   0.36337814  0.75740055  0.67343957  0.94788961
   0.57167681  0.07168128  0.31780009  0.02030489  0.67333609  0.69322278
   0.62927068  0.69155856  0.14026914  0.46695751  0.11301504  0.64991643
   0.99299422  0.53982488]
 [ 0.02883125  0.29773059  0.05541897  0.01676004  0.1113246   0.89892781
   0.00568405  0.71011945  0.71345604  0.71048546  0.4523676   0.89259131
   0.29706486  0.53023641  0.4369053   0.07009407  0.74268474  0.679316
   0.52446184  0.30969364]
 [ 0.75183006  0.88427031  0.9235042   0.96882231  0.85783384  0.47156713
   0.91467981  0.87346407  0.36027852  0.89728891  0.97370212  0.81638392
   0.3808525   0.49439638  0.87065824  0.34505176  0.59443243  0.92674085
   0.90039008  0.99866327]
 [ 0.74514419  0.12997831  0.66177056  0.01924346  0.18206458  0.07127438
   0.52179742  0.58232984  0.60931506  0.92748622  0.63598816  0.240989
   0.19308082  0.11894713  0.40365481  0.17453472  0.67876919  0.01342962
   0.60079375  0.95370521]
 [ 0.95431928  0.23500036  0.417743    0.54814622  0.69388414  0.43440756
   0.8082472   0.22243625  0.34095573  0.93398175  0.32720425  0.89701781
   0.07333108  0.53181702  0.34557827  0.19341041  0.35370084  0.20215202
   0.24728394  0.14989548]
 [ 0.75430421  0.96573867  0.85176237  0.83333986  0.47419259  0.3373058
   0.9190509   0.02143683  0.22506955  0.40177311  0.67524511  0.82354529
   0.70664021  0.51193334  0.58882791  0.83195089  0.11731071  0.96471984
   0.68531543  0.22384845]]