[[ 0.95625593  0.80338946  0.23979178  0.98890834  0.90682226  0.82640949
   0.92307413  0.92475121  0.92578437  0.27225595]
 [ 0.18899516  0.92107742  0.87534532  0.73327991  0.5310059   0.51504607
   0.08879268  0.3594784   0.46798474  0.62291537]
 [ 0.84959798  0.4734982   0.67264978  0.28689738  0.2149076   0.18765544
   0.54580385  0.84870864  0.75487674  0.55418206]
 [ 0.88564677  0.26351593  0.49659931  0.85343822  0.89664075  0.79959161
   0.50518408  0.27215717  0.04084917  0.96101183]
 [ 0.37950558  0.75365821  0.20224318  0.11276841  0.23480555  0.52575594
   0.21467828  0.16877539  0.33362592  0.28924571]
 [ 0.81275723  0.70903782  0.54084185  0.50227745  0.67419541  0.52878426
   0.62795749  0.83567325  0.52731775  0.38412089]
 [ 0.20799753  0.32748338  0.51724881  0.51463576  0.63081261  0.18169264
   0.17625776  0.89022049  0.39138198  0.06099634]
 [ 0.05496589  0.17034976  0.46584829  0.30111169  0.23490056  0.83801127
   0.32989285  0.4804167   0.16691078  0.20156773]
 [ 0.68360053  0.62502415  0.51000964  0.3908528   0.98669967  0.07956011
   0.0904016   0.9152508   0.70900499  0.0534879 ]
 [ 0.91196735  0.07935485  0.83964572  0.98365111  0.84724246  0.30130286
   0.62142923  0.36990182  0.88485722  0.04021465]]