[[ 0.55401562  0.05656464  0.14461912  0.37338121  0.77545099  0.82500362
   0.05934208  0.79547007  0.91830248  0.95705226  0.270512    0.28801821
   0.32068051  0.6301356   0.50163722]
 [ 0.91008136  0.36525898  0.77107892  0.51071824  0.96947293  0.95282716
   0.19906649  0.59095596  0.46697316  0.23572243  0.43529968  0.12038434
   0.05402922  0.50480177  0.38102005]
 [ 0.70983179  0.15604759  0.79046225  0.94141603  0.8507349   0.67015394
   0.4338899   0.96457634  0.81906564  0.83159202  0.99867541  0.59080936
   0.08003477  0.08250838  0.35266605]
 [ 0.39064032  0.85839963  0.44029013  0.5511363   0.76130028  0.84089328
   0.93741418  0.00450756  0.70657007  0.91886154  0.520457    0.16136976
   0.94874898  0.70399294  0.12042198]
 [ 0.65327443  0.59766118  0.5154603   0.46393411  0.25557788  0.79373181
   0.11114095  0.02622499  0.33262522  0.21065448  0.17925183  0.68451251
   0.18712151  0.04068839  0.42258399]
 [ 0.02156857  0.6040132   0.36173131  0.02573427  0.40808151  0.10627929
   0.75204718  0.76701444  0.20326404  0.16362647  0.08197329  0.07225818
   0.93548968  0.27016378  0.52302336]
 [ 0.74030377  0.38719645  0.64551478  0.35073774  0.6254218   0.99982566
   0.90959094  0.68589668  0.62059708  0.8244891   0.25076486  0.27322036
   0.58138508  0.1139027   0.96607261]
 [ 0.11481573  0.02839004  0.66286887  0.93661213  0.3604362   0.311139
   0.28592199  0.65867617  0.09794261  0.33050732  0.13813912  0.58251941
   0.34607576  0.75116902  0.76010739]
 [ 0.58518199  0.83877542  0.55670834  0.92626001  0.12662387  0.91701158
   0.27664342  0.79064766  0.56810941  0.27528132  0.48631709  0.58915894
   0.56725223  0.17597026  0.67129837]
 [ 0.04728109  0.82505463  0.02955649  0.8222696   0.14127514  0.3739495
   0.83889106  0.73907196  0.11310019  0.57382482  0.66857405  0.0710836
   0.6382926   0.85433608  0.32873735]
 [ 0.78376939  0.95667329  0.11488032  0.81547901  0.35183502  0.31227713
   0.94515941  0.13568874  0.01203483  0.79662673  0.26857852  0.97878852
   0.14599782  0.67846748  0.27708062]
 [ 0.09261803  0.85893198  0.53218708  0.99367457  0.46001068  0.70320766
   0.89518535  0.09847474  0.74759816  0.97003203  0.19762786  0.02858381
   0.33984989  0.38856914  0.43654056]
 [ 0.5624223   0.30098431  0.15520363  0.96944181  0.7635087   0.73975249
   0.24305587  0.78074717  0.39071247  0.10491628  0.06930735  0.82955455
   0.30944975  0.17532728  0.01755033]
 [ 0.0316789   0.44646887  0.81495378  0.13539704  0.19409093  0.74563617
   0.31028437  0.66438108  0.95153915  0.53988444  0.74725235  0.06777997
   0.85758764  0.22608065  0.13976372]
 [ 0.50189093  0.25139848  0.5395881   0.74729182  0.65047883  0.52212821
   0.62177146  0.47905371  0.38440487  0.8477411   0.63855826  0.44508138
   0.85892523  0.04213092  0.14799661]]